332 1221
15 21
55 57
103 143
165 216
217 254
166 190
231 310
7 26
59 64
250 260
229 237
254 312
117 154
8 9
117 163
216 285
66 188
99 136
257 295
146 306
139 181
310 319
117 190
77 117
151 155
201 260
132 151
221 229
79 145
73 74
84 260
158 298
232 247
240 260
243 247
261 292
292 307
81 105
224 261
101 181
91 146
254 271
265 271
254 280
265 280
143 165
66 89
124 161
202 260
7 12
47 48
231 296
84 143
176 217
298 304
216 262
188 191
156 220
117 149
180 187
181 304
173 300
145 229
156 229
173 309
94 254
117 167
239 254
280 292
291 292
117 176
168 212
122 254
197 257
220 259
146 319
129 159
69 117
80 117
90 149
150 200
71 145
261 287
213 247
108 292
261 296
154 170
22 23
161 218
146 166
265 266
112 173
254 275
175 220
66 75
165 197
231 282
231 291
123 200
175 238
231 300
117 126
198 212
96 103
214 229
59 63
117 135
215 292
216 257
258 272
117 144
147 157
64 150
65 115
99 117
117 153
165 291
66 178
117 162
220 236
320 323
260 281
272 283
50 81
74 200
291 296
66 196
260 290
312 328
142 173
167 257
146 323
257 312
54 60
166 301
64 244
260 308
321 324
91 118
146 152
205 238
261 291
253 287
165 174
283 297
165 183
117 283
254 270
265 270
66 70
215 260
135 151
176 189
124 169
173 272
105 165
127 165
124 178
145 201
117 139
117 148
216 270
117 157
166 260
229 298
280 282
168 202
260 276
228 253
260 285
257 298
10 12
71 117
82 117
89 165
176 310
201 254
260 303
158 292
94 100
148 220
260 312
313 315
148 229
64 257
171 231
94 118
202 218
175 201
231 254
254 265
44 117
40 165
149 319
75 141
72 117
196 260
116 151
164 200
216 238
46 74
117 125
142 298
216 247
157 170
245 292
265 285
138 166
180 181
67 124
249 262
130 171
61 62
178 220
98 111
257 275
301 309
320 322
189 229
80 84
158 260
89 151
312 318
260 289
153 163
229 320
197 260
218 292
111 166
153 181
91 108
305 306
91 117
72 76
212 245
105 119
111 202
84 96
130 292
275 292
283 305
145 173
9 11
149 323
286 310
36 37
108 160
138 161
117 138
249 257
260 266
50 66
61 66
176 291
67 146
90 111
260 275
260 293
2 7
107 200
91 94
117 232
100 161
119 165
182 212
262 312
108 272
136 254
274 295
220 324
94 108
16 18
117 259
111 188
83 117
94 117
62 143
275 287
149 309
275 296
81 165
93 130
181 252
215 254
46 55
127 141
196 250
57 64
173 257
49 60
137 182
46 73
65 86
157 160
57 82
46 82
197 205
137 200
189 201
70 110
201 203
229 283
238 261
166 254
230 257
101 106
320 321
88 173
42 66
130 188
113 117
188 260
218 273
260 279
312 317
111 156
39 60
66 252
75 81
117 245
128 254
231 239
161 251
215 231
172 260
152 202
72 93
181 238
54 143
118 298
130 300
286 300
5 12
196 245
9 10
38 46
62 165
66 135
117 119
327 328
46 315
166 231
111 295
138 160
300 320
111 304
176 272
289 292
229 287
149 178
160 178
260 265
268 269
229 296
260 274
188 255
12 20
46 171
101 119
180 260
100 151
200 229
182 202
211 229
220 305
222 229
219 260
111 169
252 257
53 57
151 214
181 215
181 224
244 262
45 62
93 111
141 197
91 178
74 107
145 149
5 7
100 254
130 304
145 167
216 218
245 254
156 176
254 321
202 292
165 252
85 143
68 72
143 215
46 310
146 248
143 224
202 310
146 257
44 200
124 220
124 229
241 247
259 283
249 260
130 169
64 196
100 128
171 197
122 295
168 262
151 191
203 229
314 316
92 151
220 309
141 165
152 165
92 160
326 327
151 209
181 210
204 212
24 25
181 219
244 257
125 175
45 66
105 117
94 178
245 249
193 220
46 58
122 178
95 161
49 54
175 270
202 287
248 254
131 254
183 292
311 315
300 310
67 108
218 231
7 66
30 31
176 262
117 185
90 91
218 249
310 323
122 272
41 46
82 96
117 203
188 254
12 19
272 324
31 32
292 302
117 221
151 186
168 257
44 60
221 260
144 147
254 285
79 176
149 262
255 271
295 307
181 205
326 331
161 236
173 201
244 252
196 212
64 65
3 46
45 61
224 292
165 215
94 173
119 257
146 211
74 115
5 6
7 25
114 151
145 166
165 224
183 260
7 34
70 72
229 236
285 298
248 258
176 239
300 305
136 175
143 232
117 180
180 218
247 317
270 282
108 220
93 231
49 143
171 178
12 14
111 136
44 46
46 165
200 223
292 306
98 175
220 299
151 190
181 191
255 266
295 302
314 315
232 273
181 200
91 145
71 176
44 82
252 260
202 250
254 288
200 317
217 248
117 310
231 295
254 297
39 143
229 231
7 29
95 151
175 260
143 200
266 280
70 76
80 260
298 321
8 12
158 216
159 181
63 64
7 312
291 309
151 158
46 151
117 202
200 218
140 176
151 185
261 295
58 143
80 143
132 181
90 175
181 195
205 260
125 151
117 287
125 160
217 234
202 245
200 312
165 205
173 218
146 201
158 166
254 292
7 15
55 64
166 188
247 262
117 152
147 165
0 3
70 89
199 212
11 12
108 201
259 272
129 144
149 211
40 66
65 150
100 117
111 117
145 259
69 111
200 204
192 200
260 307
138 229
200 213
25 32
44 45
292 296
221 254
79 161
44 54
149 247
232 254
181 190
126 254
178 292
295 310
217 220
171 262
181 208
100 220
94 149
52 143
100 229
158 161
55 59
183 254
151 283
18 19
254 305
266 270
47 64
215 295
107 115
108 169
136 151
7 37
99 111
117 147
136 160
216 260
117 156
8 11
247 275
0 7
139 165
145 236
181 320
109 161
40 52
188 216
165 312
191 203
216 296
92 99
93 216
156 254
228 261
46 141
310 321
260 302
130 211
151 157
167 260
98 151
130 220
151 166
64 247
98 160
82 143
121 162
158 300
184 200
260 320
161 216
71 161
162 181
173 181
93 310
51 66
181 194
254 264
171 257
182 257
143 149
151 251
246 260
46 244
202 244
254 282
117 304
143 167
146 200
46 262
176 201
166 178
247 252
28 46
52 165
7 23
117 133
216 255
250 257
298 306
132 292
128 151
77 78
21 25
298 324
66 176
168 196
216 282
280 285
257 292
173 320
191 216
132 139
98 146
110 111
146 321
218 300
224 231
79 151
90 151
232 253
161 211
125 136
75 117
111 201
94 130
117 272
165 172
182 252
254 259
43 66
212 262
151 255
66 77
64 107
231 284
158 160
200 315
28 32
7 247
55 58
117 128
181 283
44 165
105 181
99 110
127 181
145 217
168 182
29 33
76 117
181 310
220 229
109 151
328 329
257 287
46 122
260 283
228 260
239 260
257 296
168 218
291 298
312 330
132 143
62 66
54 62
89 181
91 111
117 249
100 178
111 178
261 275
305 309
71 151
3 7
165 167
151 232
108 298
93 309
283 299
3 25
148 254
104 166
254 272
141 215
275 295
141 224
95 117
106 117
64 111
118 320
125 216
176 200
198 200
287 296
142 305
306 309
298 305
181 296
58 64
46 108
201 220
260 269
68 117
58 82
220 242
260 278
161 165
220 251
260 287
142 161
312 325
153 170
205 208
143 296
171 215
171 224
131 151
200 260
71 146
83 111
211 260
231 238
253 275
231 247
146 158
283 285
254 258
212 252
175 221
149 321
215 257
143 161
141 228
216 231
196 262
93 151
117 118
181 273
161 304
117 127
319 323
108 158
46 85
6 12
142 309
73 200
74 165
58 59
117 145
157 181
228 232
120 141
245 312
79 100
166 257
241 260
260 273
229 304
320 324
146 297
260 282
90 118
64 218
7 111
161 178
253 261
54 61
119 181
117 248
218 312
66 273
255 298
112 151
132 218
165 166
149 298
131 173
283 298
161 272
66 300
252 292
176 181
216 217
105 139
145 175
215 261
245 262
81 181
227 235
185 229
217 298
6 7
76 93
257 263
58 63
165 287
97 143
149 181
178 217
118 175
229 299
160 190
260 268
134 138
158 257
260 277
100 145
111 145
127 260
142 169
145 305
200 241
176 320
282 292
200 250
218 298
123 137
182 223
75 97
117 252
151 217
32 46
7 200
194 206
315 316
215 238
223 260
46 48
216 221
108 130
46 57
179 181
28 30
145 188
49 62
216 239
229 258
27 34
146 260
66 151
165 273
247 312
238 254
118 161
166 247
138 176
149 176
229 285
241 250
229 294
207 257
247 330
71 95
130 181
79 108
12 18
117 211
79 117
39 44
101 117
128 220
2 4
145 291
93 262
171 200
182 200
200 227
218 275
52 81
253 260
211 254
220 321
53 64
151 221
175 188
215 224
232 295
35 37
64 73
296 307
56 69
53 82
64 82
90 220
145 165
181 249
165 232
245 252
118 309
66 119
9 12
165 241
297 299
93 145
122 181
300 304
49 66
74 150
126 151
89 111
229 271
229 280
175 309
90 94
178 216
117 197
218 252
260 267
12 13
111 135
60 62
117 215
93 257
168 260
271 282
46 182
145 304
1 3
61 143
274 287
178 310
80 165
16 19
81 139
161 248
223 241
115 150
225 260
46 47
67 79
229 239
285 292
229 248
229 257
218 229
146 259
175 295
70 111
197 215
216 305
218 247
82 85
92 117
12 17
82 103
46 168
132 171
180 257
111 148
255 260
44 58
200 235
117 228
254 294
1 7
178 305
252 254
326 329
64 292
74 86
50 165
181 221
81 143
144 181
173 217
91 175
56 68
202 262
185 191
226 229
217 260
254 300
122 162
229 234
151 296
66 118
256 260
214 254
66 127
165 249
178 188
118 146
117 178
216 300
148 156
241 244
99 151
247 315
108 218
270 280
99 160
38 141
111 125
200 212
219 225
60 61
292 295
93 247
163 181
203 217
44 53
52 66
220 297
232 262
44 62
178 291
151 197
104 122
141 171
178 309
244 245
81 129
53 58
173 203
91 161
172 247
233 254
181 225
202 257
125 181
94 175
158 178
177 200
7 36
285 300
229 247
126 136
151 309
8 10
48 55
95 176
141 292
176 259
148 151
100 111
129 147
310 320
117 191
82 84
140 156
46 149
151 156
151 165
108 231
12 16
168 245
272 321
133 135
232 257
311 312
44 57
292 308
110 151
142 220
181 202
110 160
196 200
142 229
45 49
161 242
252 262
66 81
202 252
94 161
236 254
143 175
158 173
182 292
247 260
231 306
7 22
229 233
141 260
152 260
266 282
143 202
229 242
181 305
45 143
229 251
0 1
64 165
117 168
48 59
147 181
176 254
299 306
66 202
220 260
228 273
262 275
272 298
310 324
111 124
151 160
25 30
151 169
4 7
132 165
211 220
151 178
141 143
232 261
181 188
44 61
160 254
224 257
181 197
165 180
34 35
171 260
73 115
91 151
102 151
108 320
181 206
75 143
173 211
87 117
66 94
