1222 8163
445 499
97 1213
16 93
224 1025
298 974
303 1089
141 273
94 915
173 979
30 930
48 984
299 566
596 789
386 979
213 499
118 1164
121 910
360 926
365 1041
146 445
5 469
13 101
37 1212
384 502
683 798
287 569
507 572
443 1082
212 395
28 574
157 459
248 348
146 566
473 695
206 351
211 695
598 875
11 112
348 700
399 1160
122 128
386 403
11 1051
181 937
146 458
660 908
25 397
11 233
378 700
78 408
652 680
210 298
96 233
3 5
5 603
127 300
291 408
442 577
144 883
121 1165
303 647
146 929
657 879
5 724
569 766
32 827
30 488
11 246
85 195
35 603
167 234
26 1012
43 198
213 875
1170 1171
82 126
111 827
6 316
243 717
127 542
128 1181
35 953
562 884
20 601
68 83
93 1079
471 473
130 180
32 840
462 653
481 666
213 1117
15 607
216 368
188 306
303 781
523 1013
526 530
459 476
213 1009
483 833
450 656
240 846
109 134
564 943
144 320
13 840
443 653
448 502
112 553
236 848
700 952
404 661
122 746
147 510
93 1213
72 336
173 913
503 559
90 915
5 282
450 669
395 733
119 569
278 562
11 972
253 505
497 1131
208 1028
15 862
385 395
395 1083
16 269
90 218
35 282
97 1160
150 269
477 627
62 156
31 577
144 454
149 569
56 341
138 151
396 675
112 916
38 738
253 626
14 115
93 408
10 639
211 629
445 567
472 670
240 1101
122 291
92 156
111 169
828 1207
129 452
468 672
93 529
528 686
32 290
651 793
577 578
241 629
287 745
72 591
59 100
4 164
281 701
451 624
93 650
5 766
356 471
249 345
37 462
326 336
61 819
219 358
57 296
134 516
39 656
562 697
56 596
303 702
8 296
646 812
539 686
30 314
213 930
461 766
15 191
502 538
87 296
119 248
284 581
239 1067
8 417
440 828
195 243
0 4
282 656
101 315
281 1185
157 661
303 715
523 718
118 669
453 659
181 200
39 1019
15 433
63 181
39 790
524 539
183 246
93 1026
577 1075
107 143
117 831
122 680
95 254
7 141
564 998
127 731
27 793
252 911
11 556
16 900
38 659
360 673
692 1183
626 829
478 665
20 1019
505 539
689 885
793 942
41 1078
72 391
146 1131
5 1155
360 794
253 439
225 606
459 544
2 39
246 665
141 383
834 835
125 146
56 275
102 391
291 1081
360 686
626 1071
5 458
266 270
81 224
141 275
185 281
405 550
438 498
23 219
11 919
828 912
48 1215
132 391
27 109
206 340
385 571
11 101
670 969
40 573
243 1161
399 920
144 630
378 568
41 394
277 930
299 689
32 574
280 447
32 345
252 348
241 455
356 405
15 112
39 469
9 334
93 705
313 974
25 278
112 166
57 230
155 802
530 679
203 284
86 702
34 512
91 1046
15 233
442 566
562 631
245 695
4 111
98 941
13 345
660 681
30 477
71 515
241 697
678 698
29 289
34 633
122 480
122 251
134 342
11 1174
451 921
489 1213
272 1215
303 528
93 718
695 1052
82 1054
445 877
128 941
463 931
10 131
360 1183
146 931
693 1100
472 872
30 490
651 1103
26 1014
34 875
120 649
37 880
235 370
97 665
484 1111
303 770
210 313
467 878
11 369
360 486
120 541
93 1081
5 1197
31 203
265 370
13 829
32 842
25 654
52 262
19 85
26 1027
170 254
82 370
120 662
97 678
279 655
303 783
17 426
32 963
56 88
11 840
123 1081
11 611
34 1009
20 1074
27 969
448 733
0 314
65 214
334 604
7 209
12 553
655 659
281 448
38 727
15 972
538 1013
249 910
598 798
51 171
31 687
418 1133
628 677
182 856
144 335
89 399
25 909
462 910
468 661
129 212
662 675
280 381
10 520
92 1084
145 156
7 222
34 96
378 623
695 744
65 577
16 392
147 875
35 405
71 99
183 569
31 929
707 1212
72 472
562 565
11 987
93 531
8 164
119 1163
384 451
475 798
26 706
535 849
347 798
144 698
106 177
61 929
396 690
93 881
129 575
148 588
93 652
251 272
22 183
13 400
445 811
173 352
99 174
720 750
26 598
213 690
1 16
567 693
121 1101
61 821
129 696
31 124
105 110
129 467
385 652
200 347
147 1009
238 639
40 883
539 567
43 363
34 580
120 354
562 699
438 929
73 242
97 599
45 180
303 704
93 894
5 1010
215 591
303 475
443 455
32 655
118 658
11 532
34 701
15 193
20 537
101 196
212 707
451 989
468 1158
220 827
127 370
30 666
145 653
47 81
107 132
291 707
453 540
249 481
460 930
93 1136
652 871
239 961
448 546
291 828
167 304
291 599
623 1072
29 599
208 830
461 1010
156 374
395 656
183 248
274 366
303 1067
12 366
148 1193
537 1005
453 1011
241 1128
29 720
46 135
299 315
39 1142
478 546
450 713
501 944
7 143
251 769
86 207
564 1000
30 1029
35 1144
162 431
360 675
272 599
213 1187
562 1075
395 669
689 887
109 312
596 659
842 1129
172 331
251 661
22 801
42 487
66 844
33 438
38 782
442 1131
113 138
1071 1073
21 320
284 1188
2 41
536 1143
118 1155
162 444
558 1198
93 573
497 1188
846 847
202 516
501 1078
48 49
273 396
569 1212
93 694
640 863
8 98
206 342
123 573
386 1212
303 1214
34 501
103 106
245 455
8 219
211 578
35 352
57 111
7 519
117 162
20 458
92 334
185 296
699 746
709 1205
33 693
652 671
828 1156
118 471
159 509
238 802
26 653
34 514
213 745
144 874
245 697
80 889
50 229
93 828
196 283
404 1215
662 756
30 479
30 250
155 925
117 404
122 482
15 356
204 1046
144 766
147 246
97 654
303 759
303 530
542 812
481 536
527 652
155 1046
453 474
34 756
122 603
48 425
203 299
562 875
144 887
1 313
6 657
395 469
6 428
73 189
93 1070
289 487
27 716
30 492
213 879
37 653
245 831
451 1165
157 718
93 1191
303 772
333 651
121 243
155 1059
63 238
328 950
524 596
562 888
49 74
61 1131
114 203
251 474
72 206
449 718
13 1060
13 831
272 533
26 1029
15 611
151 206
16 18
119 668
463 478
50 834
213 303
72 98
58 200
457 663
135 383
9 15
558 1011
869 873
308 311
65 324
155 254
31 447
251 716
72 219
58 321
11 963
200 899
396 545
14 214
88 200
5 165
533 550
64 974
95 324
91 619
96 963
144 445
144 216
278 445
61 447
14 106
29 909
280 491
538 1015
6 925
651 663
348 625
876 1010
279 791
461 502
321 384
307 974
725 733
348 746
213 558
121 740
148 577
500 736
450 1144
211 633
51 415
720 739
472 674
577 690
274 689
31 931
356 462
848 961
452 695
245 402
28 633
66 925
281 813
360 1106
93 762
196 217
5 649
552 1047
25 335
200 336
95 808
337 341
125 458
240 408
278 700
38 1213
93 883
528 811
123 762
11 292
35 649
274 931
117 459
31 944
208 577
246 869
543 567
1 18
207 352
243 534
396 813
96 292
299 880
467 693
252 539
539 569
530 749
101 306
120 356
138 639
303 706
251 287
476 634
25 469
128 1119
167 293
84 524
120 706
507 1115
488 873
6 604
202 250
119 481
251 408
58 242
146 880
523 601
75 182
94 195
11 426
527 720
714 812
0 8
249 483
216 306
59 359
188 244
652 1102
243 668
12 247
93 1138
251 529
303 719
32 1128
247 1053
622 701
93 320
156 376
183 250
21 188
279 712
303 1069
12 368
31 381
12 139
330 943
173 959
385 1138
508 720
304 661
39 1144
543 943
650 1069
450 486
21 309
118 1144
486 1082
35 1146
57 905
360 677
76 918
473 554
123 212
463 546
12 381
66 846
112 962
93 454
253 443
148 161
506 623
404 841
524 677
596 782
40 564
150 207
292 556
476 1131
144 392
4 89
468 718
148 511
299 680
60 169
57 100
287 562
72 408
328 334
8 918
360 1040
38 1026
360 811
542 559
299 572
40 577
669 748
144 634
37 279
42 623
55 296
93 588
459 911
15 1163
31 1107
84 216
394 930
249 283
70 577
508 1217
652 673
98 1053
450 1212
44 295
173 180
35 475
117 514
12 986
600 1156
144 876
23 586
64 358
224 347
93 1059
360 1174
666 692
905 974
127 414
167 227
241 930
43 191
15 358
273 653
4 465
279 404
303 761
91 353
93 951
30 373
21 819
167 348
562 877
204 1169
446 702
303 653
41 653
121 124
30 494
558 879
144 1010
39 728
161 425
216 361
92 591
273 895
303 774
248 838
812 880
5 1080
25 766
80 436
118 728
503 539
527 667
38 476
689 702
31 436
61 315
35 1080
360 382
681 703
122 739
171 1126
202 439
12 315
32 1196
457 665
11 844
71 895
11 615
575 657
976 1001
287 1193
169 383
119 791
721 1125
375 488
251 718
5 1214
20 31
302 912
118 1091
162 380
39 1212
211 272
37 1139
123 388
119 912
150 262
155 606
96 965
41 1029
58 444
438 665
118 1212
622 1011
360 745
473 622
123 509
49 331
35 396
67 385
628 681
27 1215
462 1143
11 1207
102 571
93 751
440 566
32 512
703 1205
240 1215
188 1025
114 581
62 391
150 275
334 850
353 863
623 687
96 1207
287 509
297 1197
273 574
540 689
66 1035
93 643
146 506
440 458
52 53
334 971
241 514
213 681
15 171
443 1143
37 455
64 292
360 1108
93 764
173 235
12 1041
117 340
131 238
917 918
337 343
149 1046
460 679
50 515
33 871
468 1028
215 582
248 530
25 458
11 294
71 345
562 811
221 518
161 238
686 877
1 20
61 1054
207 354
138 520
212 469
12 115
45 63
504 577
118 541
128 1000
114 1065
219 364
167 174
24 354
356 598
249 472
450 462
395 526
562 703
54 233
451 1101
396 1165
224 415
93 1127
303 708
399 416
462 701
30 549
274 1175
7 831
34 705
63 174
395 647
202 252
155 177
93 1019
536 542
11 657
140 313
0 10
442 880
208 713
87 423
109 182
202 373
501 706
7 134
93 1140
96 657
70 190
123 1019
272 819
57 665
20 1012
395 660
524 545
202 494
183 252
408 599
721 830
148 1197
96 1007
163 539
149 604
56 147
11 899
66 606
38 544
24 609
165 319
497 829
46 139
299 319
161 843
538 601
2 32
480 596
12 262
72 276
35 1148
162 435
93 335
97 1208
76 102
284 1071
31 625
12 383
573 679
69 99
117 1079
497 1071
132 384
156 512
524 679
123 335
303 1205
394 798
320 620
4 91
129 500
41 387
280 669
44 163
174 916
563 728
171 618
121 1026
92 96
185 287
126 875
148 405
528 626
127 282
385 577
159 271
397 1082
125 394
42 625
224 336
93 819
110 234
5 706
10 821
13 567
30 470
169 585
24 167
43 180
31 880
34 397
177 934
213 628
287 577
61 988
45 226
652 675
17 164
93 711
5 598
651 1204
11 349
539 734
35 706
57 465
272 390
112 172
7 644
34 747
287 698
144 878
39 596
281 1112
205 336
93 832
299 1166
10 1063
30 483
375 932
43 193
304 463
240 478
413 635
303 763
129 647
149 296
402 476
123 832
52 363
112 414
2 542
82 242
120 534
276 522
109 116
245 943
419 830
587 643
396 1112
27 720
149 417
130 175
25 647
61 304
80 317
720 943
145 712
126 204
24 422
208 997
46 181
681 692
304 476
450 530
216 363
37 886
148 1131
93 1195
303 776
173 895
61 425
443 527
38 707
282 838
626 648
114 207
96 833
182 836
89 379
130 417
118 1080
462 661
15 844
299 374
251 828
12 317
127 1021
27 1083
165 266
27 1204
526 659
80 801
118 1093
11 967
93 511
662 668
34 1136
27 157
132 210
59 900
21 379
95 328
139 334
278 449
245 272
396 670
468 546
19 454
60 226
132 331
1 1043
660 716
44 218
548 1212
439 488
90 105
34 439
213 670
378 508
278 570
157 280
229 385
146 387
32 514
63 618
164 175
563 675
26 699
12 801
125 449
396 683
93 874
41 455
108 216
127 229
32 406
173 345
395 1212
38 157
40 755
334 973
347 912
562 571
17 219
93 766
148 702
327 933
146 629
850 974
476 504
32 756
30 417
16 519
12 1043
131 240
29 458
623 931
34 573
15 294
61 935
188 222
400 401
303 697
17 111
297 394
108 229
473 879
173 358
6 595
56 941
202 241
61 1056
133 407
97 484
100 230
96 525
13 756
35 1003
668 687
29 471
128 184
93 1129
303 710
523 942
812 816
523 713
289 546
657 942
77 138
30 551
63 176
82 189
455 700
119 485
91 423
95 1067
74 190
179 243
10 205
7 136
93 1142
550 829
462 716
135 321
374 603
360 668
162 195
360 439
74 82
34 1178
387 542
533 596
538 711
51 98
109 305
202 496
96 1009
127 847
245 314
116 200
404 832
459 539
13 193
505 655
651 709
95 262
284 952
485 942
213 483
449 1019
11 1022
451 540
484 488
28 208
93 566
468 480
698 942
385 445
51 340
185 276
30 1156
145 1143
52 915
148 394
93 458
5 574
249 1200
30 109
596 786
48 163
108 968
567 728
6 166
38 1138
281 630
69 222
5 695
151 520
660 663
161 979
252 572
85 166
563 730
15 107
22 1049
125 504
144 746
130 619
42 506
138 214
124 279
129 394
253 689
5 587
299 805
453 454
71 160
26 646
241 571
208 394
213 738
287 687
306 700
218 587
474 513
405 679
157 577
360 1165
671 798
10 823
118 356
486 523
30 243
43 182
29 284
6 529
37 633
59 392
391 636
157 469
303 752
532 575
36 408
148 649
449 577
597 741
154 400
238 808
30 364
249 408
237 1108
144 880
1 306
562 868
54 169
166 410
205 338
127 647
335 596
34 870
170 236
249 529
87 238
193 368
93 1184
303 765
58 180
440 999
228 591
302 540
126 314
10 368
51 140
562 881
128 360
128 131
13 824
25 878
190 191
35 1071
448 486
681 694
5 145
122 730
216 594
523 1010
32 1187
35 1192
84 596
299 484
37 1009
197 207
202 551
353 720
443 879
70 139
11 956
121 599
30 969
140 612
453 1072
250 1009
277 846
5 387
46 425
243 969
418 1007
1092 1180
314 849
11 848
112 900
15 967
13 140
123 500
450 666
526 661
28 384
468 656
385 621
142 900
118 277
236 269
48 218
144 680
245 503
61 682
503 798
93 634
51 637
679 731
6 1160
145 272
26 580
554 736
61 803
4 269
133 154
171 446
314 983
658 793
93 755
373 809
31 816
213 793
213 564
562 681
37 567
474 568
66 1039
96 164
5 534
32 637
472 909
472 680
334 975
136 465
34 683
356 468
213 685
161 229
149 929
61 1045
37 459
360 1112
695 1102
146 631
5 655
440 812
679 1094
154 226
11 406
596 1096
337 347
39 653
562 694
37 580
73 237
128 173
653 812
182 409
35 655
313 340
144 827
87 293
245 879
93 1010
397 455
0 1
461 1113
478 528
249 705
10 194
288 404
18 314
243 661
12 240
657 944
453 656
360 428
332 366
54 358
36 718
91 425
158 186
756 815
291 944
47 89
0 14
179 245
39 1137
347 472
27 790
121 654
164 1024
310 849
538 713
304 546
49 256
109 307
129 1188
27 1140
180 187
457 724
360 791
39 1150
568 942
2 36
25 1188
42 603
121 667
603 670
160 329
60 391
5 455
178 383
26 514
504 1078
139 162
462 1081
185 278
30 1158
468 603
93 460
552 974
660 773
32 450
211 452
524 912
30 111
34 496
127 1212
125 385
37 272
245 450
4 95
387 1028
385 689
118 345
128 1033
338 614
90 283
398 399
84 209
144 748
205 206
31 53
41 512
15 1048
11 340
164 582
11 111
134 447
34 509
287 689
37 514
18 235
289 469
5 710
385 931
25 396
159 625
123 702
38 335
272 273
217 337
122 477
273 646
455 623
245 813
45 230
119 179
303 754
148 880
93 944
456 996
652 908
280 1036
118 708
333 633
651 1208
167 341
144 882
529 693
221 348
97 541
41 875
523 878
5 952
289 482
242 636
99 587
30 716
374 526
30 487
40 1175
167 233
26 1011
65 185
356 657
204 1054
303 767
25 530
80 429
121 467
21 1054
7 1119
530 931
51 142
562 883
246 354
284 646
476 816
536 601
66 423
150 1060
19 82
51 263
216 367
78 891
408 537
334 359
93 1199
523 1012
204 478
11 608
93 381
506 550
10 612
46 77
49 82
54 426
128 375
21 249
243 1079
174 491
496 542
564 942
32 1081
56 206
11 958
508 1010
33 488
35 1086
34 1127
299 607
895 897
812 1128
34 80
11 850
97 99
538 1010
32 384
385 502
123 502
40 733
76 161
449 1197
41 1143
30 1213
11 971
69 158
5 631
8 148
123 394
35 510
35 281
40 625
26 690
243 1213
208 438
118 1218
245 505
93 636
129 330
528 564
35 631
200 210
274 913
496 1026
334 964
26 811
57 161
203 215
273 459
133 156
224 274
22 59
25 330
145 395
38 40
213 795
562 683
144 695
149 1039
37 569
240 403
157 634
138 392
303 688
129 572
676 970
297 385
219 465
31 1168
98 175
34 685
103 290
144 816
130 918
12 108
93 999
251 390
303 580
5 886
25 572
813 1096
539 793
52 180
57 295
53 819
87 403
59 341
207 239
86 178
93 1120
303 701
3 180
132 819
27 537
476 629
627 798
448 530
35 886
12 1168
313 342
898 1032
669 943
240 766
202 245
240 537
381 476
243 542
93 1012
5 1128
31 134
449 647
8 645
163 290
27 658
149 355
798 1030
30 663
38 524
860 861
6 720
284 930
12 242
93 1133
58 358
8 537
281 366
181 199
79 417
120 714
128 538
202 487
68 258
183 245
288 527
119 489
279 478
462 828
11 892
47 91
698 812
15 553
106 900
524 659
399 893
182 895
564 997
58 371
80 618
30 1026
118 910
38 887
162 428
57 900
282 1018
505 538
109 309
119 731
7 261
554 659
12 376
27 1142
438 713
70 317
144 266
11 905
360 793
65 387
246 664
812 1075
61 618
138 313
121 669
500 665
134 315
27 1155
228 916
145 1147
127 275
445 621
486 622
257 799
477 573
284 1198
461 565
177 806
194 221
125 387
4 97
289 458
127 167
32 573
82 919
154 270
1 994
450 1086
119 1215
57 108
530 557
356 404
213 621
161 165
18 116
671 681
93 704
41 514
45 1158
7 637
184 270
29 396
144 871
562 630
386 404
522 679
68 997
126 184
186 235
101 127
501 512
229 807
93 1175
31 297
284 514
652 681
31 68
41 756
5 833
173 417
80 189
35 712
144 884
6 654
216 235
666 700
32 828
164 947
341 351
26 1013
98 364
304 469
249 533
129 1111
303 769
36 654
58 184
33 127
32 131
20 831
144 1126
562 885
97 1014
482 596
279 533
480 523
5 1196
297 816
11 718
538 878
304 711
20 952
51 265
523 1014
457 660
677 700
11 839
272 880
695 717
65 321
39 1086
450 657
28 1193
95 200
513 713
812 1009
53 203
11 960
176 539
291 1014
93 504
98 619
1 915
240 1197
35 270
463 717
683 720
12 552
39 160
248 499
538 1012
651 660
269 329
48 101
66 909
83 324
186 974
93 746
5 633
60 340
13 265
20 1207
35 512
730 1074
265 974
64 166
281 689
542 730
681 1074
528 566
299 743
123 746
44 224
184 204
29 330
48 343
213 676
20 510
237 1033
562 564
18 171
699 798
303 569
299 864
145 397
18 292
386 459
97 356
281 931
303 690
191 220
93 880
129 574
280 743
82 987
35 646
208 574
251 1210
273 932
15 179
438 1036
680 798
303 811
93 1001
91 174
163 279
10 1003
127 356
445 931
15 529
543 685
562 698
303 703
77 131
462 696
30 773
181 188
217 636
313 344
213 1160
34 700
119 478
671 1220
812 930
486 1174
135 193
28 67
95 1060
0 5
20 886
343 344
501 930
119 599
501 701
96 652
42 123
38 647
304 766
10 319
183 247
114 376
157 1012
702 812
110 900
1078 1099
116 422
396 476
14 145
20 1128
404 596
565 1187
303 1187
279 601
58 373
32 1138
118 1141
61 607
173 848
162 430
508 838
38 660
97 1203
95 376
26 505
91 900
457 728
462 1072
396 718
33 666
157 207
14 158
96 197
146 543
280 543
266 379
252 444
106 915
123 330
458 549
26 626
2 40
64 918
246 666
461 554
33 558
160 333
15 918
274 849
40 682
348 798
144 510
443 1072
185 282
723 1126
97 169
93 693
15 1039
211 685
439 549
15 221
221 326
474 506
59 264
303 624
528 742
8 218
186 224
117 390
7 518
72 647
37 626
6 293
124 514
303 745
542 798
25 508
118 699
145 573
85 293
250 626
274 1212
453 460
117 511
26 881
119 1109
15 234
144 873
125 631
216 224
395 455
653 750
515 520
97 532
248 701
657 869
163 334
445 1215
25 629
172 827
438 1212
501 514
685 1089
93 1177
303 758
443 509
30 599
11 357
511 643
63 224
925 926
562 874
128 353
64 368
93 1069
251 460
514 1099
278 297
844 974
302 654
167 237
64 718
284 758
17 414
132 889
38 473
225 299
123 251
161 543
54 417
97 1016
185 900
202 544
303 1121
284 879
485 869
182 602
56 197
42 299
190 197
135 261
360 608
46 189
782 1011
147 500
100 425
303 1013
27 1078
32 1193
173 903
148 321
15 960
276 1001
562 1129
123 493
30 36
389 649
157 1080
246 600
600 832
108 895
65 444
249 1019
132 205
12 554
96 1191
144 444
42 662
59 77
30 1096
468 541
538 1014
472 660
213 665
375 498
144 565
4 262
215 216
145 386
35 514
217 262
348 745
166 445
149 801
166 216
157 625
97 345
448 1097
93 869
468 783
277 1215
681 1076
22 171
450 1143
1 1051
660 724
539 663
128 863
40 979
463 1082
472 673
527 572
194 399
303 571
210 343
17 214
528 689
426 907
99 283
272 440
119 1164
26 707
72 1052
29 224
39 646
562 687
144 699
37 573
128 166
61 930
386 461
284 679
93 1111
299 987
550 569
11 520
486 813
752 969
26 828
122 536
359 974
667 1090
207 351
17 456
5 1119
523 816
333 692
272 453
714 798
112 235
82 292
243 654
12 233
14 831
148 1060
303 705
58 349
397 569
118 659
462 469
453 649
313 346
84 523
34 931
700 755
39 1009
629 811
82 184
45 302
96 762
449 880
35 1011
38 528
0 7
5 85
1085 1212
156 254
441 652
31 488
397 811
89 200
38 649
387 537
29 829
34 1173
10 321
538 706
68 262
183 249
513 878
95 136
8 891
457 717
503 833
30 909
360 784
69 83
450 714
472 473
16 193
2 29
7 373
136 258
58 604
278 378
572 596
603 663
162 432
468 475
97 1205
185 271
38 1012
828 1131
93 682
55 161
299 558
651 717
348 679
26 628
2 42
31 972
96 1138
175 199
108 963
144 620
237 848
93 803
93 574
96 320
160 335
22 105
173 274
241 445
58 967
144 741
61 972
303 505
148 631
91 97
36 161
626 1195
404 1082
450 1198
450 969
541 562
123 574
128 918
124 1213
241 566
34 502
106 112
1007 1008
64 115
91 218
36 282
41 626
303 397
459 910
132 515
144 983
144 754
474 629
6 295
61 985
59 158
451 911
303 747
652 672
251 328
385 816
25 510
118 701
128 1160
651 1201
79 221
97 534
32 819
66 403
66 174
7 991
348 1055
461 932
216 347
83 986
12 288
93 1179
303 760
616 991
110 365
58 175
32 940
204 229
11 588
66 295
122 833
213 1217
144 1117
395 699
290 417
562 876
307 357
45 586
279 524
251 462
280 1163
182 591
299 1176
27 717
13 819
122 954
280 345
304 702
63 347
304 473
119 656
501 758
652 1156
251 812
148 1128
58 417
5 1079
177 368
58 188
295 360
336 361
506 543
10 605
511 658
10 376
309 938
32 135
249 658
1 556
202 546
942 1110
40 484
279 537
96 1059
13 1061
25 886
11 951
80 556
190 199
35 1079
38 596
505 705
4 948
563 646
64 962
27 1080
405 474
35 1200
38 946
132 315
49 317
202 559
303 1136
48 92
144 554
297 833
25 1128
438 543
38 838
32 498
266 436
97 1152
563 659
334 836
62 148
17 900
315 328
83 436
97 105
248 503
538 1016
35 395
480 1011
39 514
779 1078
240 275
152 162
5 637
8 154
261 334
32 511
203 329
84 149
34 557
36 1155
213 559
562 676
18 283
28 513
126 1048
303 681
651 1135
472 675
577 691
213 909
282 514
139 465
1 235
562 568
567 912
303 573
437 802
695 1097
261 576
63 857
333 681
128 1215
66 337
463 1205
131 237
39 877
87 167
501 679
47 997
207 232
363 974
303 694
58 109
443 445
11 293
392 399
20 756
189 299
221 517
147 302
97 710
207 353
119 240
660 1089
123 1113
333 694
11 643
38 288
167 173
387 405
277 533
461 879
629 692
606 974
64 425
5 1013
182 417
278 354
448 536
527 829
167 294
39 1011
97 723
155 176
144 246
118 1011
0 9
538 816
65 138
120 828
629 705
212 831
699 1178
339 606
347 467
526 698
27 1014
121 649
30 1019
162 421
253 539
20 1011
119 724
243 1019
251 651
89 552
396 480
122 1143
395 1009
4 895
97 1086
348 668
2 31
482 668
213 480
58 606
4 77
145 1019
33 549
162 434
468 477
299 668
151 275
37 1193
26 509
272 1181
33 670
542 776
27 330
26 630
141 617
39 569
144 622
149 966
498 625
45 91
360 1149
64 104
533 1077
13 553
25 378
651 1069
11 214
145 443
463 1018
217 319
64 1043
461 679
125 730
93 926
303 507
148 633
299 802
32 687
390 1149
34 504
873 1010
18 230
386 397
446 448
360 1162
93 1047
243 348
303 628
564 669
55 297
3 107
5 705
299 923
11 456
200 392
389 1082
12 866
115 284
70 1036
144 756
188 274
176 974
303 749
243 469
148 875
652 674
31 61
299 1044
550 626
335 472
61 169
274 1216
35 705
272 389
282 811
34 746
461 813
144 877
6 647
121 1159
18 243
155 218
279 513
93 1060
25 633
30 482
241 931
678 932
15 588
240 706
97 886
303 762
177 357
72 75
27 827
13 929
63 1046
181 247
33 120
348 1178
360 478
93 134
562 878
45 588
303 1112
100 295
224 590
251 464
144 301
25 646
462 647
30 724
33 470
33 241
34 880
51 258
689 811
119 658
279 647
394 597
102 196
439 1050
38 706
51 150
202 548
274 653
694 1010
821 822
278 543
118 1079
149 429
11 953
20 1187
445 656
192 247
18 848
969 1107
62 137
7 201
554 828
28 489
360 733
575 658
76 974
502 1082
274 666
7 322
31 679
366 898
125 543
8 961
173 1028
93 739
282 1200
5 397
34 546
241 381
452 564
484 782
299 736
32 392
697 1011
144 569
443 1131
303 333
695 1086
252 516
119 1155
81 634
26 698
20 395
6 460
460 667
303 683
564 724
299 978
280 736
94 280
333 562
118 408
66 218
31 1163
562 570
207 342
64 293
449 629
476 503
145 403
389 1029
623 930
39 879
144 932
188 221
64 414
179 1155
303 696
523 699
22 417
22 188
443 447
25 459
80 358
118 650
453 869
33 283
79 170
15 414
221 519
207 355
100 229
129 930
303 817
485 565
3 296
223 299
443 568
392 522
249 473
469 476
823 974
95 235
86 186
25 930
159 930
462 702
61 129
148 246
7 1061
239 364
445 469
524 533
128 533
202 482
183 240
119 484
528 1177
108 591
396 469
33 417
162 302
74 189
144 1187
128 654
40 541
7 135
237 826
443 931
481 1186
190 256
281 603
162 423
470 539
557 952
596 651
496 713
208 246
8 895
154 949
118 1026
23 200
88 595
649 662
96 190
179 484
879 1124
395 1011
147 909
472 477
35 439
134 189
27 1029
23 321
1031 1114
64 93
303 375
275 313
124 1083
213 603
144 503
157 442
5 573
128 909
34 493
213 724
48 162
87 90
18 219
4 321
248 452
148 514
289 453
3 96
695 912
27 224
450 1081
660 662
171 848
465 800
45 214
303 509
127 283
27 345
249 1212
462 502
73 1215
35 694
272 378
26 874
1 292
474 741
658 1087
240 345
281 1100
303 630
210 402
289 695
299 1154
404 1207
32 810
8 224
104 915
30 471
1072 1077
659 679
43 181
34 627
58 984
39 705
82 109
93 1170
476 679
25 514
66 515
21 1038
945 1157
186 351
144 879
245 931
468 1205
5 1178
182 582
443 623
32 823
42 50
179 284
34 869
122 716
567 1103
474 875
128 238
212 875
97 659
141 177
93 1183
210 536
303 764
237 639
11 821
61 184
291 875
167 351
5 252
323 827
51 139
202 537
21 233
353 706
224 592
402 827
388 929
28 128
299 362
211 478
216 593
288 469
62 126
279 649
81 139
72 319
297 932
11 834
491 653
202 550
274 655
375 478
628 658
545 660
118 1081
453 1071
93 499
626 999
299 604
120 1127
37 1129
563 650
601 942
480 652
34 306
512 833
14 327
148 556
487 776
5 507
60 214
13 368
280 483
118 384
1 802
123 499
472 653
11 29
651 884
689 1176
122 274
213 658
134 136
378 496
11 1197
11 968
93 741
13 260
395 1079
813 838
11 150
444 446
282 384
540 679
42 668
93 633
5 749
22 164
13 381
211 625
486 564
472 666
463 1075
57 158
408 910
540 1029
461 507
20 505
239 808
321 618
123 633
24 102
282 626
232 1034
208 448
287 741
562 680
87 158
37 566
474 567
620 621
38 1205
303 685
93 875
5 762
472 908
145 513
31 1165
184 212
34 682
15 403
20 747
82 164
54 102
59 217
246 272
303 577
468 910
523 580
135 175
123 875
38 508
112 228
120 577
562 693
14 824
148 1053
523 930
77 126
27 534
118 881
197 1174
223 409
71 577
360 414
186 298
441 524
280 1101
457 468
668 688
19 242
15 537
389 455
215 827
503 705
536 653
162 412
360 656
34 1166
700 761
10 314
538 699
211 304
689 1097
736 943
49 242
216 419
418 1048
5 1138
72 145
42 468
11 889
28 75
520 766
693 694
304 653
651 697
501 1167
64 900
274 481
303 1182
7 137
134 178
499 828
347 471
72 266
56 258
503 718
19 376
160 315
478 661
32 315
445 484
596 882
147 790
4 1007
730 882
169 320
119 728
375 654
347 592
144 492
37 366
278 492
228 900
173 964
93 675
280 538
247 361
25 248
500 541
49 376
243 1144
2 35
7 379
175 192
160 328
299 901
241 667
26 513
241 438
356 388
273 390
462 1080
185 277
11 1144
451 662
93 688
8 321
596 1016
120 498
97 514
78 272
135 806
386 388
360 1153
239 863
285 979
118 573
99 331
467 498
439 665
167 206
577 629
659 668
43 170
29 272
84 208
15 337
37 621
106 226
441 445
303 740
93 930
303 511
270 334
836 974
463 1143
7 863
12 1207
26 876
184 267
477 812
678 802
10 114
213 739
144 868
529 679
474 514
97 527
303 632
36 288
27 697
51 1054
462 625
123 930
11 460
21 919
604 974
1091 1092
34 629
306 1051
82 111
395 571
562 748
93 1172
179 1212
251 563
303 753
468 1086
504 514
13 920
66 288
524 577
562 869
216 232
205 339
523 877
237 520
32 1054
374 525
145 702
448 474
7 997
34 1100
304 695
63 340
390 469
20 707
128 240
243 944
504 756
32 1175
13 933
11 823
695 701
459 461
95 184
303 1116
251 697
206 1183
11 944
190 192
145 944
503 652
520 821
506 657
65 426
216 595
49 189
362 649
384 408
215 895
523 1011
20 131
58 423
32 1188
56 313
11 1065
575 649
1149 1150
387 598
304 829
459 474
303 1129
141 313
347 647
182 839
471 713
498 550
38 831
291 1011
46 426
15 847
71 190
596 829
876 883
62 141
103 142
375 601
213 539
347 539
27 1086
624 1076
245 491
185 211
277 1197
215 319
15 968
90 324
348 848
213 660
461 496
820 843
133 142
126 920
127 327
118 507
665 676
35 509
683 730
72 805
48 219
89 974
207 212
196 319
27 510
27 281
71 324
37 676
448 1213
36 451
41 566
304 1205
71 445
563 1136
119 1159
175 273
562 682
42 912
45 163
0 915
38 1207
93 877
523 690
117 453
277 405
84 276
20 749
120 458
529 626
126 1175
64 297
12 107
210 351
17 222
251 389
118 762
135 177
30 649
527 701
35 764
38 510
72 1060
249 693
540 1165
736 811
243 649
50 520
110 534
297 397
32 880
443 451
668 798
38 631
46 226
114 131
485 798
443 572
30 891
527 943
164 891
38 523
0 2
282 1112
15 539
144 1178
306 422
163 639
61 362
34 1168
60 137
731 1096
202 486
183 244
96 999
72 376
171 355
56 139
11 891
42 241
160 196
693 696
13 183
51 209
45 889
348 661
7 139
144 373
121 655
663 709
162 427
127 140
95 373
34 363
39 441
14 384
695 1011
118 212
472 481
692 713
26 623
175 194
144 615
245 667
462 1190
124 148
468 712
17 22
93 569
66 143
155 895
12 846
39 454
240 444
64 218
335 452
486 621
90 392
213 728
15 218
94 1036
212 503
386 390
64 110
93 811
110 226
60 634
10 1042
32 572
651 1075
11 220
389 1075
249 506
287 798
20 454
381 396
157 688
205 207
303 742
3 221
118 467
33 100
26 878
184 269
29 395
15 231
395 452
61 1101
73 172
100 275
284 621
564 675
127 637
445 1212
118 588
489 501
30 475
274 1101
497 621
1 417
109 216
97 879
100 167
303 755
13 922
71 863
11 583
1028 1159
525 804
304 347
562 871
28 937
124 874
31 417
1079 1097
523 879
471 689
204 345
242 637
30 717
322 337
93 248
626 748
12 296
32 1177
19 191
123 248
202 541
119 543
12 417
457 767
25 881
536 831
98 605
538 877
51 264
7 194
72 552
438 646
11 1067
122 1083
693 872
44 197
97 1026
347 649
139 205
11 1188
121 831
106 967
44 89
85 90
35 498
144 670
209 1065
166 200
71 1131
248 498
5 740
5 511
472 657
596 952
169 619
76 391
282 496
461 498
667 832
133 144
36 211
118 509
450 1019
44 331
118 280
627 652
453 499
35 511
554 1076
562 671
144 683
188 201
138 609
195 914
1098 1176
243 396
524 1089
155 963
356 458
213 675
144 804
474 679
634 668
61 1035
565 568
303 797
105 324
303 568
210 340
5 874
27 633
3 47
756 779
118 522
195 217
577 1036
453 512
103 399
347 1025
87 391
61 1156
37 570
83 915
160 869
297 386
22 181
75 273
104 974
622 671
472 912
35 874
7 1041
241 979
24 227
84 278
87 283
245 869
501 795
31 122
149 343
61 230
66 574
99 522
255 1035
19 233
34 1036
502 875
7 115
14 1057
41 931
462 695
360 647
38 633
439 977
2 710
60 126
277 649
538 690
505 513
128 297
457 472
74 182
327 362
137 238
202 596
12 472
27 1009
3 423
663 698
162 416
93 545
280 408
497 931
299 421
32 306
120 944
118 1019
122 1138
165 313
27 83
123 545
6 963
35 203
499 832
118 1140
61 606
121 886
129 481
162 429
468 701
93 558
40 668
2 147
111 319
462 1071
391 602
65 846
96 196
450 953
30 101
348 676
31 969
22 920
39 335
462 1192
245 440
181 913
0 609
468 714
533 1072
127 384
160 332
439 656
186 210
274 848
931 1118
34 378
177 915
15 99
254 610
135 918
243 451
36 387
41 502
387 910
390 1144
34 728
208 386
120 502
213 730
287 679
378 1026
502 567
221 325
474 505
653 736
59 263
47 926
93 813
32 803
13 561
390 1036
123 921
522 667
563 1193
11 222
453 567
618 900
82 102
562 739
93 1163
124 513
303 744
798 952
51 937
402 457
118 698
131 637
117 510
170 336
202 288
451 1029
127 639
27 701
13 803
151 996
333 744
374 516
126 414
502 930
304 457
510 562
1150 1151
97 881
303 757
251 567
13 924
624 812
32 937
453 930
539 970
71 636
692 1212
506 527
562 873
386 876
21 226
26 304
146 1160
5 1184
27 714
443 629
118 832
11 706
122 951
65 417
132 178
395 817
460 1212
49 180
97 1123
123 129
7 183
36 655
237 645
144 417
13 937
61 419
38 701
107 306
15 717
266 299
202 543
375 471
628 651
162 363
93 492
253 481
621 877
34 1117
538 879
703 1175
151 204
276 879
697 872
119 666
96 1177
213 530
37 75
83 420
245 253
38 943
10 844
63 478
445 543
651 877
251 943
6 92
92 132
181 618
19 556
390 728
486 665
240 1198
219 321
119 1137
155 602
62 374
463 718
34 541
287 721
48 210
273 557
360 1199
5 513
10 857
354 667
32 387
282 498
20 498
452 680
6 334
4 261
93 747
8 151
145 385
35 513
29 439
203 326
273 799
562 673
207 216
685 1009
298 334
303 678
468 1011
24 1034
41 449
297 375
211 1089
302 453
390 1091
849 851
439 724
7 801
144 1035
20 511
6 347
59 210
50 619
210 342
32 979
108 331
550 676
176 206
11 398
563 1140
144 1156
278 1156
562 686
188 216
386 460
124 689
93 1110
303 691
191 221
27 756
94 288
33 278
52 291
274 1158
29 573
15 638
48 586
39 766
157 758
100 224
12 340
293 353
149 345
530 1205
20 874
137 227
39 887
202 356
124 931
281 1174
933 1100
86 181
4 987
260 418
141 238
812 931
25 817
484 577
52 425
181 310
304 875
390 649
601 869
7 130
498 596
11 1003
360 891
162 418
360 662
79 420
122 1019
60 141
82 425
505 528
637 647
375 647
67 302
471 880
144 485
11 895
360 783
93 668
97 1083
463 652
2 28
303 1188
6 147
61 608
291 1070
15 906
21 428
150 313
39 445
144 498
699 720
682 1076
69 324
440 496
99 203
134 426
39 566
80 863
96 319
22 104
357 848
145 211
659 661
394 1144
24 150
98 99
172 802
15 101
45 209
33 909
303 733
303 504
304 1143
118 458
637 1023
57 219
34 730
15 222
395 443
31 166
5 931
509 730
3 104
211 1036
154 273
109 1025
30 466
126 174
125 969
15 343
133 335
468 1079
12 45
96 682
149 279
173 636
66 510
35 931
145 574
272 386
249 631
328 695
548 698
515 521
251 677
453 811
88 161
181 352
692 1093
179 279
304 459
169 234
279 631
31 529
93 1178
53 59
416 865
471 572
13 926
61 408
135 357
145 816
698 736
64 827
408 637
119 534
155 228
53 180
96 816
182 819
526 629
297 577
438 516
123 1178
90 1001
28 123
117 875
122 953
51 255
21 349
119 655
50 821
20 124
121 701
508 881
360 717
32 134
147 838
202 545
238 239
243 1071
375 473
6 81
4 8
695 828
454 473
15 840
132 193
321 358
524 717
324 363
274 542
103 135
812 1120
22 964
144 661
27 1079
118 1197
38 945
5 502
132 314
290 900
596 943
18 966
150 368
246 830
366 895
133 135
157 492
4 21
35 502
213 545
562 662
144 674
38 1187
281 679
27 503
335 390
154 315
11 266
85 215
472 661
131 331
213 666
303 559
60 801
27 395
118 513
467 667
11 158
282 621
43 110
213 787
287 736
562 675
601 603
360 1214
303 680
523 683
32 631
849 853
49 800
448 509
134 844
249 565
483 503
20 513
147 288
334 380
210 344
330 675
5 878
27 637
335 524
94 169
11 400
453 745
46 98
144 1158
144 929
240 637
114 232
26 119
303 693
468 1026
5 999
27 758
58 108
970 1156
75 277
35 1107
241 1212
19 116
79 167
122 766
596 622
114 353
50 863
694 699
485 562
58 229
8 637
127 588
438 450
56 119
121 514
333 693
30 655
162 286
29 696
450 689
240 879
155 283
260 299
19 358
93 307
478 643
32 68
39 1010
147 543
394 649
26 253
191 586
96 992
127 1059
160 1007
33 643
700 1106
13 176
483 879
703 1111
450 702
64 895
169 194
31 718
31 489
4 63
503 713
162 420
93 549
127 133
165 425
15 895
40 659
164 200
117 125
136 138
34 356
173 1188
126 847
46 595
385 549
13 189
118 205
353 1011
463 654
2 30
7 374
93 791
828 1011
160 323
280 654
220 374
71 251
16 315
40 672
563 713
12 839
26 508
175 308
138 197
93 912
31 34
36 149
335 445
132 382
32 444
123 791
140 206
40 793
287 670
39 568
144 621
658 1071
64 103
3 93
13 552
200 378
145 442
659 663
58 968
39 689
378 909
562 730
92 552
6 283
18 337
97 630
119 160
303 735
27 571
25 498
355 373
212 509
3 106
692 1082
291 509
544 689
15 574
304 448
147 464
256 636
27 813
13 915
118 931
173 638
462 512
314 348
47 233
85 525
563 1089
700 798
5 7
524 572
513 679
647 908
45 345
237 515
2 877
7 992
621 626
390 464
188 515
21 109
798 969
335 942
118 944
159 982
536 703
505 572
474 993
16 115
21 230
124 880
48 67
96 1047
246 348
60 1124
5 1188
144 300
99 1052
25 874
1031 1032
162 354
148 419
93 483
404 870
122 955
156 539
51 257
216 590
128 706
730 811
119 886
150 236
279 875
11 1060
11 831
281 655
28 246
626 875
629 880
202 547
348 601
26 550
243 1073
29 67
11 952
396 534
69 139
96 242
8 129
71 185
97 1140
2 85
31 786
48 201
56 321
14 553
108 188
127 201
15 963
6 1143
241 717
282 489
461 491
126 1144
303 548
127 322
27 384
118 502
467 656
35 504
876 1120
356 559
15 266
562 664
360 1203
303 669
79 961
5 746
118 394
30 510
651 1123
95 905
186 269
577 679
497 656
480 1012
177 974
213 668
166 556
4 265
303 790
36 446
110 166
30 631
30 402
539 545
52 161
563 1131
474 564
124 451
129 795
93 872
182 392
849 855
19 105
98 169
54 328
54 99
61 1041
671 970
96 739
210 346
798 1011
58 218
127 577
385 1101
25 795
123 1101
333 682
176 210
52 403
241 1093
967 968
461 1096
496 565
97 819
21 43
58 110
8 518
35 880
38 397
538 683
211 288
21 164
97 711
251 626
5 1122
132 934
30 886
11 644
208 929
249 701
51 191
596 745
232 239
1073 1084
462 930
61 357
121 408
162 409
164 1007
360 653
833 1102
74 296
5 425
225 465
7 242
81 191
127 832
278 476
33 645
9 59
74 417
354 471
249 943
973 974
524 882
243 1128
432 1064
394 543
438 815
527 1072
2 1187
162 422
40 661
287 538
6 30
42 478
630 877
527 1193
14 379
93 672
15 1018
13 191
117 248
241 543
213 710
287 659
134 188
3 900
125 597
375 543
6 151
498 842
93 793
330 477
5 680
160 325
51 567
137 607
147 1029
439 649
145 202
186 203
334 892
22 1034
144 731
121 1013
308 839
597 713
449 549
528 842
5 572
249 1198
66 259
85 272
35 680
252 449
392 429
213 723
73 154
18 218
59 256
240 331
64 334
360 1150
284 374
449 670
299 1140
3 95
35 572
463 1019
57 331
186 216
497 603
87 210
240 452
45 213
303 737
27 573
8 331
156 1212
390 1150
173 398
66 272
140 221
26 873
497 724
208 621
273 979
529 676
37 739
147 345
133 447
307 334
658 1086
873 1011
12 157
108 619
402 571
25 621
302 404
140 342
303 750
144 168
94 576
211 1161
379 974
314 350
47 235
282 812
156 407
82 229
97 766
279 514
480 504
523 874
30 712
74 230
621 628
34 1097
98 358
122 944
461 1164
538 630
109 224
348 469
119 646
389 507
53 292
289 828
603 695
80 425
35 1177
360 708
695 698
34 989
299 469
395 931
4 1046
202 536
64 831
31 654
172 364
27 1178
13 1051
144 302
56 189
93 485
13 233
32 246
51 259
216 592
152 1065
496 875
241 356
48 190
246 471
559 931
297 931
452 539
118 1188
61 654
457 654
575 875
360 721
5 493
15 952
450 880
18 957
202 549
119 1009
274 654
12 654
204 824
50 128
360 842
2 87
34 534
20 370
144 665
61 667
277 1194
118 383
123 498
288 831
472 652
558 655
475 657
48 324
172 619
144 786
39 504
93 969
31 91
5 627
8 373
145 378
119 1143
217 254
73 209
6 219
303 671
251 252
110 276
523 674
27 507
316 381
274 1138
30 283
71 321
439 717
194 620
567 1131
78 445
121 1081
303 792
845 846
330 666
3 271
118 746
333 671
186 392
203 332
144 1149
9 961
303 684
660 1187
500 969
302 459
25 447
66 219
304 505
18 636
798 1013
668 674
833 970
74 164
304 626
249 690
562 1150
9 974
31 467
93 1116
682 693
202 470
21 166
50 867
72 360
438 454
572 683
360 763
146 282
208 931
280 282
651 683
642 863
114 249
334 518
347 457
39 75
522 1212
162 411
14 18
34 1165
629 816
496 930
243 1009
31 601
438 467
572 696
66 824
272 929
14 139
450 706
670 709
348 658
91 1002
144 599
162 424
5 440
15 1128
385 661
445 712
32 314
11 191
463 766
623 718
53 373
144 491
180 185
245 543
360 1018
33 660
129 597
506 1072
215 371
249 1187
99 196
7 607
31 964
34 481
287 661
127 1197
97 500
360 1139
93 795
3 84
22 97
32 556
173 266
159 368
16 319
186 205
119 969
282 438
116 900
873 879
157 672
157 443
284 484
303 726
51 919
445 1075
577 736
12 964
15 444
212 500
119 272
93 1037
487 1193
36 274
299 1142
27 683
3 97
130 138
27 454
25 381
118 572
249 503
175 325
39 693
562 734
245 798
97 634
93 1158
93 929
3 218
149 272
25 502
181 224
389 1193
45 336
96 567
30 701
88 154
35 816
563 1201
19 283
34 1086
879 912
120 631
20 693
240 696
405 1029
73 290
31 293
158 334
94 578
211 1163
38 454
81 1053
117 747
5 240
906 907
28 1163
647 912
26 299
26 70
31 414
53 173
523 876
550 750
118 827
448 702
308 399
621 630
46 170
246 460
12 293
96 930
438 630
56 299
443 745
56 70
102 186
93 366
695 700
478 702
679 692
159 168
147 831
670 872
4 819
31 656
12 414
461 469
125 291
127 889
512 700
402 828
462 879
61 535
336 474
253 705
65 425
538 874
32 248
238 353
302 1011
245 477
245 248
676 700
660 692
40 718
208 302
213 646
237 1003
20 251
493 700
18 141
157 485
13 477
698 1105
240 1193
31 1019
375 829
144 667
6 208
298 316
542 713
676 942
60 444
744 1076
26 796
31 1140
175 367
213 659
667 829
686 842
207 319
64 270
284 539
38 1072
695 1076
11 380
453 496
35 508
112 203
37 554
303 673
243 393
184 200
72 925
15 391
20 506
381 448
405 842
548 625
353 386
303 794
191 324
5 1100
387 1202
5 871
445 1143
38 496
29 676
34 791
15 512
4 619
12 214
303 686
31 227
191 216
251 496
280 1197
462 679
252 869
375 1205
538 674
452 1159
68 230
14 933
974 975
5 1113
27 643
121 507
539 1020
70 1215
450 682
730 736
131 821
249 813
32 61
37 1159
450 574
49 230
123 179
518 974
848 849
13 987
457 469
828 870
304 870
501 1155
347 459
438 577
111 182
30 1011
663 695
360 886
162 413
14 249
146 405
34 1167
239 367
46 238
689 1098
455 931
246 528
330 1165
980 981
443 813
11 1119
37 125
448 1120
451 637
14 141
299 539
693 695
651 698
31 724
237 1058
213 472
61 832
11 1011
11 193
596 883
461 658
106 201
144 493
33 891
360 1020
253 665
522 530
118 440
52 86
119 1079
92 424
45 83
96 314
51 800
200 371
291 489
282 669
20 669
356 389
18 101
303 728
303 499
348 1144
186 328
161 271
212 502
3 99
10 1041
799 1201
651 1074
7 972
29 502
20 682
452 1093
381 395
97 636
685 1072
243 690
12 269
93 1160
303 741
380 436
41 741
476 669
25 733
25 504
921 1019
38 443
186 341
98 228
48 636
184 268
213 969
249 626
202 285
105 618
5 1168
325 392
330 736
77 290
333 970
123 1160
439 908
40 1162
126 411
7 985
93 234
10 236
157 1158
155 331
129 1096
246 449
32 1163
94 580
35 1168
11 582
489 621
516 1212
390 578
20 816
395 693
601 798
12 403
96 811
449 929
149 637
467 1212
19 298
621 632
282 937
37 1106
97 1120
243 1174
31 766
243 945
922 974
31 537
58 411
70 465
111 237
275 345
299 702
450 871
202 540
40 478
208 291
41 1117
30 1187
126 895
538 876
213 527
146 473
1149 1151
252 374
577 659
224 1066
4 16
303 541
148 667
93 731
96 248
127 315
159 533
445 661
34 538
177 846
144 669
245 492
709 1121
96 369
509 538
1 1034
651 1116
11 261
539 646
16 376
24 200
31 1142
650 662
667 831
11 382
39 629
562 670
138 608
93 1094
531 539
624 730
27 511
252 629
57 619
98 391
31 1155
381 450
40 157
279 439
93 1215
284 554
303 796
195 216
11 395
374 447
439 842
241 1086
93 168
122 869
15 514
328 974
18 519
119 571
281 1158
335 869
8 511
121 388
700 738
63 154
96 974
471 622
58 224
11 637
179 450
93 181
15 756
49 111
138 863
21 49
141 343
303 930
12 229
146 1212
127 933
280 1212
622 912
120 930
137 345
164 182
596 630
7 235
144 469
173 941
360 767
134 1215
390 646
18 1003
31 713
172 423
66 936
162 415
164 195
16 68
119 718
144 482
291 1175
93 665
160 197
472 698
670 942
474 478
83 364
360 1130
129 480
93 557
10 1017
160 318
279 1178
356 378
42 713
303 488
17 131
449 542
335 440
13 426
522 532
651 942
692 943
7 611
669 730
61 847
33 1014
96 545
127 383
522 653
145 437
931 1117
58 963
452 1082
42 955
45 206
191 260
237 376
473 912
390 1143
24 268
15 448
249 386
87 324
97 746
658 1079
45 327
303 622
523 625
3 101
756 833
472 1074
527 744
30 463
461 1144
284 730
141 156
93 1162
303 743
462 507
93 115
700 793
34 969
122 816
497 730
82 222
7 48
148 1219
56 169
1182 1183
112 515
253 454
566 685
65 403
10 238
15 582
6 991
202 408
157 931
62 105
554 567
13 1152
448 814
4 1039
95 174
303 1106
31 647
12 405
11 934
217 1039
93 478
387 467
390 701
598 879
390 472
30 129
100 639
119 652
330 1101
4 113
660 683
238 465
145 237
202 542
27 1184
240 245
451 694
663 873
243 250
281 542
468 634
299 825
173 191
651 755
348 717
76 258
50 1060
43 81
134 465
144 658
61 889
245 481
66 1004
38 942
467 530
131 315
57 137
12 889
590 600
48 317
650 651
686 833
30 1202
157 489
205 237
50 134
93 733
3 22
147 1198
703 1187
85 91
15 261
144 671
37 545
474 546
18 266
999 1185
303 664
597 653
27 500
450 1128
12 1131
15 382
133 374
18 158
4 260
28 846
303 785
284 543
501 541
63 840
11 384
112 436
539 540
291 438
43 336
260 859
48 451
199 849
39 631
689 713
240 621
353 498
509 782
13 844
77 105
849 850
121 148
274 1144
389 1131
12 1144
73 336
130 318
360 514
577 1037
180 849
395 737
1076 1135
513 729
499 565
93 1109
72 232
211 1101
168 465
462 683
135 288
35 1104
11 518
52 290
287 1096
51 294
32 52
249 575
68 234
81 173
554 622
8 863
457 460
61 460
396 450
131 933
52 411
360 527
87 863
464 621
651 676
95 229
50 981
124 930
31 702
246 627
389 447
449 1215
8 984
173 1051
396 571
181 417
681 969
34 1158
37 1163
202 476
16 57
50 55
38 755
5 541
211 646
651 689
134 170
297 1100
22 895
999 1106
245 415
97 251
38 876
44 361
164 197
563 697
12 823
461 649
208 240
447 522
27 1131
378 651
30 1136
248 541
93 667
36 133
308 592
546 649
463 880
282 539
48 143
64 87
330 472
280 880
354 829
160 320
13 307
123 667
563 939
477 670
31 1078
287 775
125 713
562 714
61 957
284 477
303 490
132 608
450 1183
173 380
522 534
539 703
186 319
131 154
213 718
73 149
157 557
387 1019
299 1135
564 652
3 90
123 909
200 375
659 660
72 863
240 447
18 334
40 93
45 208
303 732
22 224
402 445
66 496
360 448
131 625
112 383
117 498
29 385
119 507
31 394
243 573
5 1159
241 1143
24 391
375 1143
447 1019
142 383
97 869
96 681
159 966
66 509
35 930
112 625
162 217
167 561
1127 1128
390 569
596 674
21 214
50 915
12 165
5 1172
57 810
461 1159
211 459
538 625
240 931
288 679
450 512
694 1101
157 1162
441 692
353 808
39 123
396 397
34 1213
4 1041
353 929
12 636
31 649
182 818
27 944
13 1046
93 480
68 423
463 693
7 413
119 654
554 811
793 1093
345 408
457 649
11 1057
5 488
500 696
472 634
246 816
394 714
268 309
25 1113
11 949
630 698
93 493
252 486
26 668
34 529
134 238
6 201
13 591
395 1181
486 545
472 647
40 953
527 546
475 652
246 829
175 360
287 601
37 655
4 249
224 252
303 545
284 303
652 699
27 381
35 501
84 363
278 1131
562 661
235 266
360 1200
303 666
289 502
127 440
22 158
13 604
32 846
173 556
61 86
186 266
12 904
277 384
474 669
240 502
97 682
157 733
97 453
303 787
243 507
93 977
31 99
303 558
132 905
299 1082
118 512
164 857
195 207
126 336
356 798
24 96
562 674
468 1012
462 672
536 621
118 633
472 1131
849 852
95 915
7 802
20 741
562 795
128 274
9 848
50 849
93 1219
12 99
27 636
168 575
539 1013
38 502
117 795
34 1026
95 218
969 1011
14 1047
652 1075
31 462
471 505
118 1104
402 634
38 623
40 1221
731 1075
497 908
524 745
68 236
119 467
172 293
127 816
27 878
278 460
66 806
360 758
19 236
156 470
87 636
651 678
128 408
14 1060
394 527
144 352
11 991
117 1158
360 650
473 527
252 299
183 465
202 478
81 188
31 596
96 991
144 473
622 1037
658 694
93 656
32 417
178 242
348 653
50 996
92 175
111 188
97 253
148 484
32 538
123 656
21 645
97 1192
637 648
182 1007
135 895
302 1072
56 373
11 307
52 79
274 717
461 543
20 541
303 600
93 790
523 603
280 653
118 554
66 135
200 364
119 1193
241 661
84 189
144 728
303 721
243 441
91 313
388 536
118 446
7 844
477 793
24 30
1 275
97 508
303 842
51 1035
80 275
200 377
145 441
250 723
563 1183
659 662
156 270
82 92
87 436
562 729
653 1076
93 1153
303 734
27 570
472 1186
30 575
162 206
164 804
186 334
245 1143
45 331
396 1083
265 334
77 283
75 439
61 275
30 696
566 676
34 1081
540 1212
20 688
156 283
68 170
97 871
601 670
45 452
64 465
8 799
132 865
25 739
118 930
536 689
107 283
167 334
29 629
32 109
390 571
274 396
119 522
246 563
375 448
578 1036
523 871
173 987
176 275
88 391
120 1097
125 1212
20 930
450 743
464 678
389 504
191 519
5 477
15 936
385 469
13 109
32 122
156 417
482 816
64 828
688 692
72 423
27 1175
6 69
140 823
468 625
404 869
285 652
35 477
71 171
34 289
8 1054
144 649
254 292
405 461
23 130
281 654
15 949
51 606
596 931
40 713
7 307
461 477
157 480
93 724
487 880
96 241
528 652
926 927
57 249
26 670
31 1014
122 378
144 662
479 652
45 131
69 259
96 362
27 491
8 249
440 660
16 369
439 472
119 1019
246 831
48 321
175 362
105 303
303 547
96 483
128 1189
202 909
563 1117
282 609
10 150
43 98
562 663
106 383
1 101
281 1138
303 668
243 388
17 82
970 1131
197 915
558 665
563 1009
15 386
20 501
1 222
166 555
50 609
93 1208
303 789
504 550
297 486
182 270
481 566
80 222
181 274
40 1089
29 442
72 1041
304 381
155 258
119 335
124 679
17 553
385 979
178 915
388 496
61 101
11 509
849 854
360 397
356 921
323 515
446 1080
9 850
246 497
353 394
798 1010
127 805
440 1036
462 795
150 974
34 1028
65 112
629 679
288 386
18 525
600 621
457 572
42 330
118 877
61 343
46 220
299 400
6 821
202 467
375 395
121 744
13 164
32 177
670 693
269 349
2 5
480 798
196 1039
96 1101
144 354
462 1158
66 929
28 408
157 293
120 1165
450 811
71 226
241 408
251 1096
81 190
315 357
471 870
30 1127
93 658
248 303
127 242
128 652
90 131
119 832
298 1063
581 863
213 467
39 543
1 22
438 814
443 1158
133 178
828 999
299 655
646 699
563 701
12 827
42 706
28 542
93 671
82 1007
25 473
40 1010
596 999
112 132
34 707
58 1064
34 478
287 658
37 483
97 497
3 81
22 94
35 558
126 151
155 889
29 484
31 1082
829 833
562 718
100 135
303 723
12 22
27 559
443 474
11 551
314 323
35 908
140 207
665 1075
26 1088
34 720
172 913
204 1131
363 895
666 667
564 885
445 1193
274 1082
337 613
538 603
562 731
567 1075
54 261
396 1193
284 723
45 212
36 621
251 546
812 842
27 572
80 169
186 336
700 786
39 811
147 573
23 803
248 921
118 811
57 801
375 1147
299 334
156 514
216 336
395 567
95 275
279 621
158 331
471 562
25 741
897 899
11 806
668 1076
336 337
360 694
162 221
478 686
63 444
304 570
7 283
375 450
499 745
149 403
42 277
621 627
13 219
104 337
37 1101
97 1115
128 465
17 634
20 114
569 1110
11 1048
11 819
396 630
52 591
146 455
566 812
34 1217
695 697
119 766
7 296
48 68
72 425
125 288
93 713
14 191
120 1112
20 1174
247 399
538 871
117 289
84 112
287 700
134 229
11 1061
396 872
489 1100
229 237
55 84
8 238
291 297
43 195
20 248
144 543
37 417
129 649
514 756
450 1000
135 844
303 657
27 493
500 713
30 498
303 778
303 549
280 831
94 146
197 1025
203 318
10 152
48 444
562 665
97 565
93 1089
251 480
303 670
96 606
5 976
910 1119
51 863
302 445
30 511
507 1079
562 786
54 87
625 1071
119 445
303 791
5 1097
31 103
196 436
13 958
25 554
16 963
135 160
486 912
140 275
48 915
65 101
15 509
249 447
652 837
41 912
660 1186
622 665
11 740
61 103
102 104
10 515
34 909
700 733
37 1143
119 687
246 499
34 91
798 1012
825 849
489 671
38 735
38 506
387 394
562 1149
469 692
111 984
596 733
28 1215
501 910
389 440
716 798
182 635
278 572
56 230
132 225
457 695
56 351
806 849
396 685
360 762
38 748
55 126
32 408
651 682
670 695
697 798
463 631
227 354
8 990
39 303
4 53
162 410
695 873
35 534
496 929
136 357
251 869
144 706
185 249
524 883
123 539
274 937
501 1165
12 937
131 134
310 365
991 992
34 467
999 1112
148 488
5 668
404 1168
13 529
127 136
250 472
174 891
76 319
26 727
461 655
378 657
245 542
66 1065
451 647
93 902
303 483
468 816
25 475
651 1166
34 480
1 266
567 943
42 829
182 314
440 838
66 368
117 599
57 319
119 1197
683 1010
395 543
61 963
303 725
11 553
112 376
543 828
101 217
93 1036
36 502
564 658
261 849
662 1193
130 137
622 828
123 1144
665 1198
181 331
318 602
461 910
82 96
1076 1183
141 151
93 1157
443 718
32 918
140 451
47 223
38 669
360 454
332 392
202 282
212 741
26 285
12 387
279 502
353 451
127 862
173 978
135 228
122 932
106 924
273 1101
97 1104
147 467
118 1163
94 577
327 519
373 406
147 817
202 524
35 118
241 452
573 696
251 682
27 1166
127 875
218 239
121 572
448 701
360 817
14 180
122 1174
132 172
395 811
510 798
4 926
563 624
4 108
649 812
96 111
46 519
275 342
695 699
478 701
51 368
44 180
30 245
147 830
446 1163
389 629
697 745
48 70
30 1184
503 879
15 1061
679 812
238 581
90 417
35 481
34 293
199 589
106 132
243 366
486 538
123 486
145 245
40 717
119 1010
26 782
43 197
163 1053
6 315
302 1131
28 599
570 653
93 728
528 656
299 833
660 812
32 489
68 900
173 199
71 417
799 890
408 1005
76 266
26 674
562 654
18 261
298 315
5 736
30 500
95 895
24 197
497 646
175 366
39 734
97 675
303 780
229 602
390 1193
11 379
453 724
38 482
38 253
203 320
138 834
174 262
303 672
27 508
66 436
287 1078
592 896
72 106
51 1215
476 721
56 98
118 747
80 226
492 665
24 331
34 1019
144 1150
156 221
782 912
96 850
27 979
476 842
385 1212
34 1140
461 1207
700 735
390 509
202 458
97 930
656 665
155 383
7 219
495 1205
56 111
48 930
65 345
225 334
651 671
155 275
325 915
72 240
536 869
11 984
302 702
162 399
360 643
179 568
120 1156
132 227
137 342
119 931
95 345
463 741
26 245
96 984
182 987
27 1113
278 695
503 813
396 687
69 292
38 750
528 577
323 1111
31 710
540 816
526 689
443 1149
1205 1206
14 477
47 425
93 541
146 633
1075 1096
299 646
505 751
381 944
6 249
17 115
55 370
36 128
118 197
692 698
134 407
29 125
34 469
120 243
144 600
1 26
28 654
129 477
333 472
159 356
35 549
12 1060
241 654
12 831
356 375
39 668
144 721
474 596
25 477
252 668
539 698
186 314
475 942
213 713
144 842
562 601
106 321
66 1188
446 655
157 552
17 249
3 85
178 840
250 716
186 206
29 488
683 1012
125 721
216 314
254 606
513 537
284 714
303 727
882 1077
31 1207
28 1138
97 743
119 502
336 1025
251 658
485 596
31 160
40 1148
299 325
304 669
144 1205
63 85
110 803
96 905
36 625
578 679
94 566
44 974
130 260
126 518
38 442
122 813
698 717
31 631
182 800
438 497
333 969
11 918
123 1159
5 120
299 338
450 736
969 1072
243 931
279 625
118 1165
94 579
149 515
930 1080
448 811
360 698
626 1083
63 448
156 639
32 115
390 577
445 513
491 629
386 1101
596 682
274 631
124 1101
26 529
279 746
661 811
320 518
58 518
347 392
452 637
92 102
23 231
498 524
121 574
520 808
15 821
20 1165
202 647
36 880
53 295
182 934
335 1176
118 1178
405 454
28 467
5 483
106 1060
670 873
122 250
554 698
127 1119
284 285
57 1060
93 717
148 653
468 631
542 580
404 875
375 817
227 424
562 643
451 812
360 1182
229 470
280 930
5 725
36 75
127 193
472 871
66 183
11 247
651 1102
250 529
31 1128
43 199
72 900
48 314
461 712
287 596
37 650
73 78
33 945
363 591
93 730
60 553
127 314
123 838
154 188
541 597
384 879
628 1010
361 895
287 717
61 1128
221 363
364 900
243 381
41 661
211 1072
522 705
90 553
29 543
120 661
488 828
243 731
303 782
64 271
17 425
468 1115
36 438
701 828
11 381
7 905
819 820
5 41
84 371
232 1023
147 390
128 148
396 1131
148 1029
93 1093
17 317
27 739
32 1083
481 909
52 274
272 543
122 747
615 616
124 564
303 795
526 544
8 618
453 739
404 554
120 795
39 870
12 444
45 392
330 1019
158 269
61 336
35 1101
65 226
211 280
245 1096
157 1212
656 667
50 857
53 337
591 915
663 791
527 1159
38 739
148 345
7 1160
492 680
612 974
445 568
450 683
41 1158
512 514
11 986
47 414
165 406
395 1097
534 1212
26 476
380 974
848 850
96 986
139 353
227 237
61 699
66 1043
396 689
36 117
280 514
8 55
123 530
744 877
213 460
378 527
512 756
4 57
55 251
404 930
445 702
11 181
362 933
16 296
282 415
42 699
695 998
5 551
151 605
32 425
385 543
34 471
115 130
39 549
452 718
245 654
93 1014
3 74
662 942
660 869
66 130
11 194
29 477
58 949
39 670
249 251
1090 1096
129 829
303 716
303 487
132 834
13 654
32 667
522 531
252 670
508 596
453 660
45 1131
461 1009
562 603
746 1178
18 210
97 503
105 364
299 1132
200 372
439 654
125 952
39 683
28 1019
141 142
303 729
177 324
132 847
80 391
109 311
119 504
45 326
60 863
130 141
489 717
360 566
119 625
545 733
261 974
42 378
35 1156
234 319
390 566
452 1215
1 525
128 566
524 566
35 109
40 453
64 810
31 633
213 381
8 915
11 920
80 525
61 283
2 1100
34 1089
65 402
299 569
266 392
7 168
297 910
484 736
448 813
93 356
5 472
208 1097
626 1085
202 528
35 122
493 677
78 169
11 933
93 706
14 184
695 811
122 1178
211 469
123 356
131 180
119 880
375 577
245 467
4 112
0 636
148 534
5 714
299 932
32 588
249 1111
459 692
173 298
123 706
11 236
463 811
274 646
12 875
241 469
461 701
655 752
273 421
11 1175
303 529
652 683
148 655
110 134
96 236
3 8
35 714
453 473
637 819
144 886
276 288
97 545
336 827
11 249
21 937
119 1014
497 637
34 647
213 878
15 368
54 67
28 832
303 771
110 376
449 596
41 542
10 963
82 1068
80 204
711 1010
98 258
562 887
37 773
124 661
181 966
93 1082
303 663
798 871
5 969
89 145
25 655
173 553
61 83
30 504
348 1079
112 314
26 1028
117 658
131 327
122 507
72 915
15 381
216 371
381 438
334 363
396 1012
93 1203
303 784
148 910
8 607
123 1082
16 956
35 969
7 89
174 266
60 918
27 741
11 733
360 621
40 1205
34 1131
122 749
13 25
32 38
128 500
111 856
446 846
243 746
93 1216
96 733
503 562
135 166
682 793
921 1075
88 91
29 679
120 1026
20 1088
211 390
524 621
670 675
155 266
408 446
31 459
118 1101
457 567
508 798
15 636
119 693
284 1026
399 976
932 1210
42 446
360 755
1080 1081
51 414
44 226
445 570
651 675
386 929
105 916
303 1160
31 701
12 459
41 1160
127 1163
92 159
56 236
66 924
83 110
71 221
697 912
7 465
12 809
125 457
567 573
71 1160
138 167
360 997
291 1163
129 347
200 227
501 1158
119 827
284 1160
7 357
144 591
25 1165
42 580
317 519
126 951
248 419
5 661
13 293
128 997
238 640
11 183
26 720
397 1158
46 591
13 414
147 1131
71 355
439 522
683 882
287 882
6 374
96 304
662 944
8 191
813 1113
120 597
529 536
513 528
96 654
41 718
251 299
182 428
247 823
154 366
173 379
522 533
26 1083
31 1198
120 718
15 436
540 1075
441 544
64 328
726 942
93 1029
299 1134
3 89
335 562
159 831
200 374
35 795
38 541
29 492
20 672
450 485
408 488
124 729
303 731
564 1001
32 1140
132 849
30 572
654 665
698 708
51 106
24 619
65 162
6 979
18 804
334 552
144 162
35 1158
250 1083
360 689
167 560
288 557
375 445
70 334
144 283
92 93
677 783
11 922
33 452
566 686
65 404
390 689
95 283
243 1164
375 566
254 276
75 799
25 1207
297 912
11 1043
4 101
28 458
448 815
360 702
566 1036
249 1100
202 530
642 802
69 1169
208 281
812 1213
438 743
4 222
71 1215
14 415
129 402
15 1054
524 931
11 117
96 1164
144 646
92 227
245 469
93 829
36 66
10 831
15 1175
150 582
26 546
273 652
328 359
226 348
4 235
205 225
55 200
118 485
173 192
35 716
117 297
31 1011
122 375
93 842
5 729
32 832
15 1188
30 493
291 534
461 716
562 768
54 69
303 773
303 544
385 842
283 306
333 652
291 655
133 254
224 372
93 1084
303 665
745 1010
798 873
289 501
497 652
304 486
452 1138
97 681
174 376
93 1205
303 786
118 969
25 549
539 999
291 668
122 630
28 1197
5 1213
89 160
99 619
5 166
46 204
20 969
128 502
202 451
138 961
119 682
50 848
119 453
96 964
13 966
168 574
11 856
35 1213
281 451
38 730
492 671
6 926
97 1044
128 394
274 448
353 741
652 1074
34 207
246 386
96 856
719 798
23 48
503 685
299 626
461 1213
156 577
73 808
240 985
296 328
375 621
554 623
66 805
281 693
396 680
217 974
248 287
60 236
445 572
211 405
118 177
670 690
119 816
554 744
240 288
462 1155
4 48
121 633
129 457
93 534
5 650
440 578
32 295
97 1178
26 480
241 405
144 701
18 67
64 183
54 929
57 180
411 412
245 645
4 61
45 62
524 999
238 642
539 570
577 596
76 314
189 191
144 714
273 599
457 1174
66 1060
303 707
17 121
96 414
289 543
10 899
182 188
57 193
1 261
6 376
119 253
224 306
449 653
877 1100
299 1123
473 1010
467 707
300 301
394 1131
303 720
25 712
622 702
66 255
439 766
33 78
19 143
34 717
452 1193
73 379
281 1082
108 373
94 438
219 618
398 849
626 713
5 100
34 838
170 204
82 320
63 78
273 1083
49 143
469 500
469 729
128 207
501 718
32 1142
61 382
47 218
20 795
119 508
26 280
471 667
13 1021
130 374
402 567
159 846
11 682
117 1078
241 1144
387 444
34 1080
20 1145
395 793
156 282
450 500
109 207
348 452
47 231
501 1081
48 52
27 932
278 514
185 286
457 745
756 1078
11 924
88 619
74 226
621 624
65 406
656 1076
119 871
237 863
11 1045
317 334
396 627
336 347
448 817
14 296
129 283
10 591
13 337
679 686
472 622
169 584
16 113
375 689
504 1099
27 1174
148 646
93 710
289 356
506 879
211 702
173 181
252 474
439 566
399 1167
208 404
554 812
23 358
4 116
66 994
157 358
229 463
36 297
10 1062
440 646
35 597
241 702
43 192
628 882
175 348
93 723
35 718
40 833
119 1126
103 364
138 587
243 603
41 654
168 200
61 74
128 1067
30 495
39 729
273 667
6 552
93 1194
303 775
671 942
5 1081
27 611
25 538
156 1021
282 837
43 326
10 149
82 254
26 93
93 1086
31 208
798 875
523 670
13 834
32 847
35 1081
700 717
125 1011
18 619
303 788
36 444
32 1197
144 206
94 385
168 334
443 539
38 719
577 1027
93 160
34 1014
461 1081
736 1020
51 163
37 1019
394 502
300 611
360 625
60 104
156 337
51 55
7 214
129 1143
53 101
173 920
30 1100
580 1015
107 337
291 912
93 402
29 912
48 925
299 507
27 48
13 150
304 622
395 969
450 676
274 679
40 512
389 666
70 391
25 1143
66 915
11 979
28 394
487 679
160 284
146 386
13 271
20 1213
114 582
572 679
30 1113
60 238
546 626
78 1046
16 168
334 972
31 705
213 453
655 798
443 1144
11 992
625 626
107 700
706 736
90 238
131 239
274 813
337 344
58 929
287 523
144 703
476 1213
567 577
33 872
14 364
11 295
49 587
347 695
1 21
245 647
64 77
616 819
528 706
32 539
353 1119
194 308
149 1060
386 478
303 709
303 480
523 712
22 201
27 316
211 891
123 778
167 296
384 819
58 1063
121 1119
245 660
102 840
652 755
154 478
208 714
125 716
395 540
281 1192
262 950
93 1141
303 722
96 658
5 1028
891 892
882 1072
42 129
75 77
314 322
93 94
31 1202
34 719
304 543
698 699
144 1079
304 314
395 661
183 253
671 1010
457 492
66 607
299 320
15 561
4 897
141 148
102 156
453 908
131 857
162 207
148 272
20 1026
49 266
395 674
16 89
128 330
169 331
463 549
334 435
394 449
652 1010
58 271
130 376
70 96
25 848
33 443
117 1080
5 115
15 803
132 156
478 564
144 1213
97 1101
202 400
150 210
284 1193
108 967
273 280
93 578
93 349
15 924
211 570
386 1096
501 1083
596 677
27 1163
462 1091
97 175
50 100
93 699
15 1045
13 218
390 693
159 272
252 463
128 693
45 924
110 1053
320 634
182 929
111 460
493 562
61 639
405 449
52 819
473 812
96 108
65 529
15 937
280 454
133 1158
95 637
133 929
174 930
134 336
157 468
96 229
5 599
106 358
4 347
121 932
360 1177
303 643
272 1101
93 833
468 747
127 417
127 188
123 712
30 484
21 930
439 689
43 194
213 871
278 1000
39 489
22 27
118 718
173 425
118 489
164 605
926 928
562 880
245 944
386 654
396 884
303 656
25 419
154 304
453 600
131 320
277 374
175 363
216 364
689 813
93 1196
64 266
303 777
91 369
5 1083
211 1188
11 605
195 197
527 670
46 74
147 385
281 1139
45 374
129 1011
67 133
224 605
22 619
149 202
7 1021
375 1188
287 1075
63 135
144 1026
496 660
114 329
119 444
93 1209
485 538
5 1096
11 847
162 262
120 1019
7 95
399 848
146 1193
72 224
173 801
88 205
15 858
538 670
812 1138
97 109
80 465
167 619
15 979
445 563
32 165
183 334
241 504
1010 1015
144 342
173 1043
154 801
522 1197
673 1100
0 334
146 388
48 1048
6 1051
4 1207
474 1156
287 512
306 525
378 630
6 233
55 125
8 50
472 679
145 284
651 681
50 1215
243 1115
134 391
25 1158
5 654
160 299
695 872
385 646
500 633
577 816
279 1159
131 241
134 283
4 402
251 279
93 659
22 190
32 649
211 880
57 184
213 697
237 1054
245 649
224 297
93 1009
17 233
129 474
5 667
375 880
461 654
59 351
61 949
878 942
299 1006
32 891
13 649
123 1009
61 131
522 526
11 310
7 834
12 949
97 727
114 142
281 1073
303 603
5 909
3 82
211 1014
94 200
118 557
86 201
32 1133
35 909
0 134
538 712
109 306
21 193
155 193
303 1074
31 386
132 963
318 601
39 1149
51 220
185 974
128 440
202 389
155 314
536 679
33 553
112 846
65 276
10 340
16 91
147 574
26 284
53 158
130 607
25 1079
443 838
93 459
142 846
95 276
303 1208
141 392
48 164
96 1144
118 1162
591 857
121 679
23 107
663 733
83 158
34 1205
211 572
376 905
596 679
463 564
26 526
31 870
110 1163
8 1152
302 875
61 520
93 701
137 515
390 695
445 631
472 505
651 736
64 1168
119 875
334 800
34 508
485 969
213 510
287 459
58 636
457 870
248 467
275 341
299 698
118 357
467 511
11 231
496 1212
458 462
58 986
11 1170
121 813
33 929
138 228
224 231
129 637
143 306
93 714
5 601
15 1060
99 236
11 352
173 185
71 403
119 1117
144 881
474 527
23 591
56 539
303 645
333 524
679 932
123 714
45 1060
260 948
29 527
45 242
248 830
17 180
504 527
25 529
562 882
20 599
562 653
457 1125
148 1013
298 314
251 468
652 812
41 658
508 538
117 653
24 196
31 1138
15 605
48 553
175 365
450 533
6 556
93 1198
303 779
239 1023
462 543
66 314
10 153
37 1010
245 1188
395 489
629 656
45 376
798 879
32 1080
700 721
895 896
243 741
592 895
93 1211
32 972
66 556
14 100
74 151
368 369
698 998
65 331
20 1083
95 210
394 506
96 849
204 382
252 278
202 457
114 344
26 460
485 1011
812 1140
457 683
24 801
487 562
253 395
299 740
206 283
385 514
500 501
670 683
117 211
241 506
48 111
41 1155
265 634
144 573
145 1212
253 745
695 861
373 810
454 506
165 403
173 227
119 930
144 694
6 235
405 506
303 458
15 994
467 566
30 299
334 976
57 173
95 465
892 974
4 54
303 579
695 1103
1075 1095
63 863
646 689
40 879
287 756
419 646
23 417
878 931
284 458
272 1158
303 471
196 345
299 995
462 464
66 235
7 823
117 466
898 1031
1 25
28 653
251 402
877 1093
237 238
49 941
687 703
303 713
5 1019
41 713
146 766
58 128
132 831
473 1124
25 705
51 906
151 844
123 1011
490 539
522 528
186 313
34 710
51 88
101 205
135 1021
119 488
64 552
545 596
70 74
445 1183
38 536
179 246
20 667
450 480
148 1081
485 703
35 1140
79 429
700 776
156 383
137 141
689 883
109 308
173 966
5 335
65 386
5 106
109 200
172 219
20 91
177 334
453 912
468 483
148 276
